H=3;
D=.4;
g=pi/2000
T=.001;